-9581 -5581 9442 -2672 -217 5791 -3139 5787 -8074 -3801 -632 5747 -4613
-4574 724 218 -6734 8672 -1138 -4409 -6946 553 9048 4516 4889 5872 7433
-7133 -6753 4448 -7419 -4175 -7084 3373 8806 2845 1526 2705 -4757 4954
-9998 -6013 -126 9313 -946 8938 9058 4010 2185 2534 8414 9814 -5443 269
6770 -3980 -6068 -3721 9168 9035 -7637 -9087 8060 6790 5685 4234 -9318
6700 3930 9014 -5486 -8959 9675 -9440 -8868 -1391 6292 6588 708 7774
-6150 -8295 9000 -8073 -2924 -8571 -8491 -9180 -410 8319 -4516 7815
-5910 -5897 -2189 -5390 -8144 -7684 3127 966 -2498 4754 9098 4829 -9397
3577 9994 -6296 7638 878 2418 5873 -7591 -2411 4515 -2084 -1325 7870
3058 5323 1475 6845 -425 -8407 -515 2735 -2985 3810 1134 -7617 3129
-6237 7644 3571 6396 4279 -8322 -175 7774 -1493 -1412 -7742 -8433 736
9822 3291 -6861 4825 9687 8352 639 -1758 2208 3223 9354 4541 -8844 3704
-9134 -9400 6516 4419 4456 4180 -5618 -6507 845 -2753 -6257 -9969 5068
7166 -6029 -8721 9632 6525 4053 -2733 2832 -3928 -8845 6897 -3195 9070
-5111 9760 8977 -3990 -1805 755 4004 -4723 2588 2776 -6006 -5022 1246
-878 4311 1834 2104 504 -4032 5842 -7211 2094 -1325 2882 6697 3421 4918
-9703 -9839 799 -61 -1871 3264 8095 -9280 5690 1057 -3132 -8315 -5811
-8220 8229 -9441 -6460 743 -7221 3755 -6946 -7109 -819 -9544 -5892 -5988
-2163 -6932 1805 6256 9791 -9465 -7430 1545 -1155 -5939 2756 7070 650
1214 3067 -8973 8379 -2951 43 -9860 -4837 9164 -7642 3191 -9835 218
-1415 6867 -5766 -4205 -2804 -6042 -1643 -725 3378 -9788 -9461 -4680
9819 8186 -7110 -8608 1043 3296 -6686 -7812 -4832 -6850 86 -1924 -4848
-8458 -5102 -2206 4918 -2827 3347 -7478 -7012 4336 6732 5649 4667 5925
4136 2655 -7650 3826 -7176 -4723 2736 -9047 8459 4835 1813 -8805 204
1128 5130 -6811 -965 -9828 4135 -9086 954 -4667 2005 -3480 1378 6880
3972 -2998 4129 -71 4184 -6938 5338 -5111 -3491 2857 5289 -765 7267 -215
-4530 1401 -6503 3586 -6056 -7294 -8999 -7344 7287 6727 -5135 4091 -2812
3802 8285 9519 -8539 6206 2694 7935 9097 -3399 -6104 353 -763 -3453 -295
604 4374 -7667 9335 -5405 6790 4447 -3512 8995 -2804 6315 -3207 -9572
5973 7188 -3876 1162 -7484 9000 286 -841 32 7027 7321 -8363 -4273 3031
1857 -1151 5158 -393 -4422 3247 6124 -3375 4690 9311 -8430 3750 9137
-8232 -6428 489 2224 3144 -7037 6955 2253 -256 6638 2152 -9904 5714 356
-2937 214 94 3599 4737 -1950 6770 7467 -4965 -9376 -4051 -3566 385 1048
9792 2520 8424 1221 -3303 -8072 -7467 -7397 3447 3522 2919 6111 -1239
5812 5461 -8147 -4646 954 -6970 -2352 -9474 -5018 661 922 4822 -5990
-2102 -348 4360 7618 7141 4909 2376 -6793 4477 63 6973 3544 6563 -4023
-9857 8403 5211 1666 -1262 6087 -1954 -60 9445 -1627 3411 -7710 973 5979
6066 7725 4855 8895 1038 -4935 2208 -6139 8626 -7576 -9406 8397 -6670
-2967 2606 -2942 -7204 5826 -194 -6954 3807 4270 -7595 4563 -3828 -5805
225 -5678 2433 592 -5149 -1063 8757 -836 -4773 -3431 5035 7674 -6625
1091 -2354 -2344 -4143 -6400 6857 -7846 -4030 -9828 -6515 9021 -1620
9816 6821 1046 8674 -8908 9994 -9426 7167 7172 -7201 6814 1857 -9142
-6364 -6012 992 -8415 1057 -3609 1427 4326 -876 9814 -385 492 -1602
-1690 2152 2626 4039 -8353 -888 -8977 -9033 -2300 -8790 -7076 -8532 1748
-1169 -9828 -5607 -4020 6092 -4332 871 3088 -6354 9814 -4186 -6358 1619
-1985 5893 -1020 2447 -7329 2879 8867 -9902 -461 9796 -2499 -3335 -1740
-9893 4905 -531 5090 3301 -5202 1921 9738 -2081 7512 3266 -429 1481
-6872 7569 7717 -2066 -8879 71 9953 -3640 -2815 792 6371 3120 -4718
-3758 -6055 -4811 2676 -465 2877 1191 8875 -5819 2938 -6348 6389 -4267
61 2864 -9964 9026 -6894 -6326 8999 9978 9528 -8816 -4206 9902 3857
-5743 2395 889 4050 -1285 -4024 932 -6697 -8820 4663 572 -4256 6623
-8565 1168 8743 1823 -9613 -4058 3590 -4402 -2293 -1314 2238 -1080 1538
-9100 -6019 -152 749 -9823 -4747 1 -2523 3843 8172 2637 -8172 6326 -8626
3704 -834 -1299 941 4072 -9173 -2366 7869 8232 -1437 -2964 -1787 -2793
-3191 5705 9471 2086 -9953 5008 -67 327 4874 -6596 -4925 3454 7733 -7456
1032 3139 1620 1087 -2931 4839 -7481 5950 5542 -236 6453 625 -6854 -168
-5907 -5119 -6846 9511 9992 3822 -7243 2333 -8353 9374 8062 9361 9279
-6353 8589 4613 775 4746 -4152 1680 7369 -1193 -1311 3102 8173 8935
-9468 896 8977 -3958 -3235 3976 -5745 -5739 2172 -2615 6410 -8520 -7083
4783 -404 -1030 7831 8761 -2082 -4883 -1751 -8272 -1826 1946 4584 1398
-2711 2217 34 9749 -1780 7330 -7260 -9583 9709 7618 7977 9465 -4708 866
-9901 -4093 -9926 4085 6348 779 7951 -1803 -2233 5796 7761 2290 -1437
5160 -1599 -4150 -5963 6739 8818 -3274 7740 2449 -3374 -8448 -3662 8278
8654 1452 8821 -931 1726 -6770 -6269 -5942 -7333 7923 -974 -4999 -9618
-3496 -1080 5701 -2284 9181 -1583 -371 5688 3425 7370 4132 -3586 917
3064 -1345 6014 -2828 -5557 -4928 5296 -5686 9784 -357 -4207 447 1144
5744 3930 -6068 -9895 5172 -455 6947 5160 -1039 -6627 -9318 -1498 852
4164 -4242 -4939 -40 8950 6221 8063 -7760 -9857 -4869 241 399 2446 -6515
1639 3755 2023 6616 -8840 1605 1739 -2688 6725 -6732 -993 5011 1083 7221
-98 -5497 -8623 -9628 1679 -1686 -2124 592 -887 4 1621 6047 6472 -7353
-2828 2674 -3340 -5763 -4957 -4840 7462 7911 -7504 9715 -4642 -289 4621
-8979 7550 -1250 5806 9542 -2465 -7963 3513 2909 -8955 -8007 -3051 3176
-3379 -2559 -4145 1072 -4562 -6424 -6275 5059 9985 -499 9808 -9062 8865
-3309 9714 1043 -1210 -6609 -7241 848 -6758 2836 30 -6960 -9644 7782
6774 -3456 -5765 -4427 6526 -9379 7995 5093 -9361 -2594 -3921 -1523
-9043 -8917 -3475 -7557 -3537 8469 -5411 -1619 -2555 6363 1474
